
colors <- list(
	tp1="#FF0000",
	tp2="#871A1A",
	ts1="#C00000",
	ts2="#360000",
	cp1="#1E90FF",
	cp2="#0A3055",
	cs1="#3455DB",
	cs2="#02111F"
)
